0.02751017 0.003202692 0.01828029 0.06408305 0.03523283
0.05170914 0.02401422 0.01527623 0.05082926 0.05624291
0.007112781 0.09501777 -0.0003604827 0.0006545375 0.05535291
0.0442544 0.02607504 0.09200503 0.009409969 0.08276072
0.09991417 0.04409403 0.004528511 0.02568839 0.0452805
-0.0006338052 0.01228575 0.060718 0.05494369 0.05943509
0.1265036 0.002807977 0.0288497 0.01406818 0.04087384
0.04541146 0.04860037 0.07355189 0.0009666611 0.06706364
-0.001425844 0.0011403 0.1006443 0.05774861 0.03121901
0.1072546 0.0138729 0.1159408 0.03961706 0.008357927
0.03828612 -0.002886952 -0.002958153 0.06301174 0.003744395
0.01677522 0.06245256
