0.01279626 0.00131801 0.002866094 0.0001235024 -0.004493339
0.00172451 0.004793668 -0.005046805 0.03021616 0.001181244
0.1219293 0.05795548 0.05923109 0.1431929 0.1987543
-0.002942636 0.03774597 0.04134202 0.06511835 0.02892018
0.08085842 0.04703791 0.03270406 -0.003767568 0.03523135
0.08501437 0.09262427 0.05429742 0.06580421 0.05779516
0.01169317 0.1024547 0.01636941 0.03993134 0.1584054
0.02069362 0.04215475 0.02774628 0.04018877 0.0284605
0.003575887 0.03240681 0.006938274 0.02892747 0.2452375
-0.0007732897 0.003107102 0.006001933 -0.005122822 0.01405389
0.0007235907 0.04865556 -0.002398949 0.003958916 0.09614754
0.0440841 0.05862295 0.1195071 0.2266608 0.005929732
0.02322229 0.01798769 0.04931941 0.02432463 0.1492665
0.001486385 0.02797837 0.008317195 0.07567138 0.02024279
0.112709 0.04906511 0.01121211 0.1411872 0.04022034
0.01850659 -0.002720502 0.06371095 0.03405858 0.0006207207
0.1570403 0.06168897 0.008918064 0.003800495 0.01998311
0.04107505 -0.005154394 0.01954709 0.03001232 0.2599833
0.2721731 0.03711188 -0.002270219
