0.004437628
0.02216489
0.01116746
0.006487508
0.02571123
0.04815461
0.1155603
0.01777166
0.06920299
0.09207602
0.08493071
0.1897548
0.001081725
0.009290324
0.03328249
0.02746959
0.04282346
0.03779268
0.04104206
0.1207826
0.03709613
0.08108606
0.02281394
0.04418258
0.1124799
0.07292749
0.0007129617
0.06076492
0.183931
0.1174393
0.02749483
0.01758076
0.07997807
0.03691831
0.0968317
0.1641399
0.03924237
0.04665406
0.03955657
0.0624116
0.05491086
0.01591845
0.02192347
-0.0002584301
0.1208576
0.2480834
0.004009056
0.003883738
0.01679443
0.04044953
0.0169922
0.03011909
0.03190245
0.01346457
0.09846486
0.03120802
0.04531578
0.07112208
0.06277631
0.194227
0.002561803
-0.001220784
0.05963225
0.0504232
0.03747875
0.02271572
0.04536641
0.1578459
0.04404811
0.06736549
0.02484489
0.04863053
0.09144464
0.06410914
0.002655561
0.04567121
0.1314272
0.08671637
0.04158836
0.01320321
0.08198205
0.01312272
0.06186063
0.1527908
0.05416511
0.02021789
0.02437604
0.1108143
0.03496475
0.01371487
0.01686808
0.1015176
0.2434826
0.3100566
0.04998414
0.02622157
