0.01808737
-0.001664267
0.004552264
0.01394222
0.04550571
-0.0009183473
0.04965048
-0.0005393225
0.003181501
0.00263864
0.07740145
0.07527355
0.155646
0.01416724
0.06293998
0.0303511
0.04098352
0.05470426
0.04799998
0.01790155
0.1012283
0.04359038
0.01515133
0.02039354
0.02041775
0.04096057
0.03675953
0.03562705
0.01035173
0.08596151
0.06010496
0.05521458
0.01785293
0.09554281
-0.002887771
0.06282286
0.1567619
0.04082755
0.04868127
0.01815025
0.08081104
0.03365597
0.002830303
0.005840097
0.007887108
0.1055336
0.2561352
0.005021191
0.01219608
0.02142462
-0.0001620142
0.008608297
0.0134815
0.03188746
0.0002049464
0.04678723
0.02159418
0.05646958
0.04740955
0.1431429
-0.002702081
0.0475285
0.04963696
0.04507784
0.06308805
0.03254481
0.04711567
0.1113834
0.022866
0.01962449
0.02964814
0.03922136
0.05019874
0.03526824
-0.00186171
0.01361067
0.05518721
0.05360201
0.05117049
0.004890978
0.07119383
-0.0005258409
0.03346066
0.162056
0.03742577
0.01116231
0.008017004
0.05099603
0.02537991
0.003857225
0.0349972
-0.0023154
0.1016423
0.2407406
0.3325109
0.02010801
0.008806972
