0.004439041 0.02214407 0.01115994 0.006472089 0.02559461
0.1156441 0.01776771 0.06917252 0.09204961 0.08496944
0.1893973 0.001037972 0.009317046 0.03327348 0.0274161
0.04276837 0.03765981 0.04073988 0.1207167 0.03708081
0.08094138 0.02278149 0.0441455 0.1124575 0.07272722
0.0007142645 0.06067647 0.1839237 0.1176185 0.02745352
0.0175633 0.08005211 0.0369069 0.09686391 0.164197
0.03921964 0.04660709 0.03949343 0.06229767 0.05487993
0.01591445 0.02192668 -0.0002586779 0.1207738 0.2476987
0.003995086 0.01678727 0.04044538 0.01698759 0.0317541
0.0984883 0.03120263 0.04534715 0.07117247 0.06282585
0.1935128 0.002543057 0.05961238 0.05032825 0.03742432
0.02269962 0.04531698 0.1577394 0.04407333 0.06730515
0.02479357 0.04856679 0.09134766 0.06414253 0.002640849
0.04562633 0.131261 0.08674207 0.04152857 0.01319561
0.08182938 0.01312701 0.06186384 0.1529052 0.05414131
0.02019899 0.02433068 0.1106596 0.03499215 0.0137154
0.01683727 0.1013643 0.2432107 0.3096739 0.04982819
0.02634385
