0.02970595 -0.004458683 0.008098842 0.03115131 -0.001807094
0.03306141 0.0009113856 0.02513361 0.03825782 -0.002340817
0.021725 0.003498561 0.0151082 0.02965967 0.03196746
0.0600348 0.01614368 0.01417983 0.06497009 -0.003344097
0.03144338 0.02833589 0.01162787 0.06346659 -0.003614512
0.05069504 0.1121501 0.04758176 -0.003647239 0.06881988
0.0433705 0.005083395 0.0488676 0.06342591 0.04577555
0.0112403 0.06538308 -0.00442503 0.07497237 -0.002739149
0.02249315 0.01444581 0.03953804 0.0300207 0.02986732
0.02497672 0.00968941 0.06776298 0.03207702 0.00416566
0.06056939 0.06174181 0.04056041 0.009936575 0.08765843
1.042871e-05 0.02742502 0.128911 0.05335893 -0.004307077
0.04510981 -0.004443817 -0.003150688 0.04947902 0.005294519
0.02398663 0.03115879 0.06846256 -0.004403644
