0.02499398 -0.003768583 0.009491569 -0.004092222 0.01086896
0.03043358 -0.004302486 0.06567502 -0.001077599 -0.003347591
0.006211818 0.08107316 0.08582833 0.1545819 -0.0005483397
0.05048991 0.0560321 0.05081985 0.05616113 0.02224871
0.01493564 0.1068407 0.04171459 0.008608921 0.02133924
0.01643009 0.04081552 0.01790944 0.04441244 0.01639878
0.1080185 0.05363843 0.02809229 0.01440878 0.07947563
-0.004464033 0.06710064 0.1687593 0.04502847 0.02735233
0.01958968 0.0788573 0.03340932 0.007235819 0.00495681
0.03349752 0.1053568 0.2677416 0.0001337684 0.02778697
0.007186566 -0.003880883 -0.004168371 -0.004015971 0.02440865
0.006316153 0.01524705 -0.00430059 0.06132808 0.01949107
0.05753584 0.04396808 0.1394547 0.04159069 0.05512393
0.05491662 0.05930251 0.0314525 0.02537209 0.1469354
0.02836954 0.006654918 0.03992973 0.04248382 0.06871328
0.02606458 -0.001755122 0.00260457 0.05207162 0.04108778
0.03405516 0.001227733 0.04601508 0.01921028 0.04193557
0.1730547 0.02971665 0.008345097 0.0104813 0.06376044
0.01697 0.007532432 0.05039748 0.09114653 0.2597119
0.3273088 0.0001926102 0.0117289
