-0.000607189 0.06660519 0.05964029 0.03061927 0.0355556
0.03808304 0.06308304 0.04978773 0.01029092 0.04197856
0.02504563 0.02168118 0.04535164 0.08692187 0.04092974
0.08422199 0.0274069 0.100975 0.02032351 0.02159489
0.0008119881 0.026422 0.005896322 0.01831575 0.03571939
0.001389446 0.05944743 0.03887567 0.02339427 0.02444576
0.02696311 0.06704772 0.03607081 0.008374816 0.03702509
0.02831552 0.01044306 0.06057629 0.01409593 0.07728464
0.06609538 0.09056866 0.02719295 0.03313363 0.09587608
0.03376012 0.02412032 0.0002491454 0.02178459 0.05239782
-0.0005993462
