0.01007123 0.0197481 0.003844304 0.01186391 0.005590633
0.04027296 0.1468725 0.01392082 0.02607089 0.09126701
0.1110474 0.1287984 0.2133611 0.006792836 0.01855033
0.02684098 0.04540951 0.06003023 0.05043219 0.06436062
0.1362184 0.0679927 0.09773033 0.04536427 0.05709195
0.1344401 0.07651729 0.00799778 0.06856717 0.1778533
0.1524207 0.02877119 0.02251859 0.08387637 0.06454917
0.1496153 0.1907326 0.06238115 0.05020437 0.06868355
0.08369577 0.07590683 0.03653012 0.02618859 0.0009352475
0.1364976 0.2757804 0.01642298 0.003811218 0.02331444
0.02194788 0.05645175 0.01394978 0.01985723 0.04826851
0.1214982 0.005974986 0.04161061 0.08378722 0.1025675
0.07969963 0.2131895 0.007353776 -0.0003877261 0.04042067
0.0836087 0.03489143 0.02692297 0.06415408 0.17783
0.06100033 0.08679224 0.03160679 0.06580309 0.1024351
0.08094456 -0.0005280982 0.05849455 0.1394401 0.1195722
0.04782152 0.03512683 0.1014187 0.02919081 0.1034024
0.1686704 0.08101598 0.03923623 0.149935 0.04446314
0.02712087 0.03094158 0.1290534 0.2656561 0.3267656
0.07472737 0.02338974
