0.01256174 0.07138395 0.01641962 0.114287 0.08411862
0.05099829 -0.004528339 0.02340114 0.05530747 0.02557269
-0.005130504 0.03225099 0.003272404 0.04131552 0.01003677
0.06647106 0.01796316 0.03805166 0.08759924 0.03250529
0.004807205 0.1225056 0.01325038 0.02660476 0.08564701
0.002872482 0.016444 0.003495577 -0.002734685 0.00398589
0.01065075 0.03421356 -0.005112746 0.05968631 0.03925779
0.04804532 -0.004369407 0.05483402 -0.004227104 0.1068535
0.0815937 0.01791423 -0.004301301 0.04924558 0.0428597
0.01129857 0.04865603 0.008956288 0.05060548 0.04679741
0.03193664 0.02167306 0.02448523 0.07119397 0.06380724
0.01293282 0.09877054 0.01686886 0.03107151 0.1148096
0.04667898 0.03437168 -0.00462397 0.02699228 -0.003086257
-0.004677775 0.003685801 0.02837412 0.06535124 0.06685793
-0.005149744
