0.01264332 0.07508471 0.0173857 0.1059275 0.07577978
0.04849718 -0.001364179 0.03152975 0.03711293 0.01427336
-0.002874229 0.032319 -0.003382253 0.04747614 0.01274531
0.06136101 0.0140056 0.01445748 0.09756974 0.03544882
0.004211301 0.1159201 0.007884189 0.01741802 0.09689693
-0.0004527199 0.005477038 0.004253201 0.00175108 0.004741251
-0.002814518 0.03322086 0.04517465 0.03162896 0.03889431
-0.003241297 0.08758356 0.02454185 -0.003402178 0.07980272
-0.003448273 0.09416456 0.03098627 -0.00318305 0.05724774
0.03498859 0.00838524 0.03649328 0.006719683 0.05415274
0.0430413 0.05368647 0.01860877 0.01865815 0.07330533
0.05287919 0.007478787 0.1056076 0.006612529 0.01104731
0.1132907 0.02256053 0.01173828 0.01553267 -0.003015318
0.007160708 0.02065189 0.05809262 0.0606718
