0.0180504
-0.001656247
0.004573024
0.0139419
0.04525566
-0.0008881211
0.04979392
-0.0005376903
0.003187911
0.002653394
0.07777182
0.0753206
0.1548329
0.01402813
0.06319182
0.03050268
0.04097381
0.05475755
0.04809322
0.01816618
0.1012956
0.04361968
0.01510137
0.0203478
0.02030244
0.04102958
0.03642311
0.03569637
0.01026575
0.08614544
0.0605167
0.05528569
0.01791296
0.09573714
-0.002889002
0.06279948
0.1572096
0.04084969
0.04861647
0.01808469
0.08085724
0.03362641
0.00283278
0.005860812
0.00789597
0.1055415
0.2561332
0.01216365
0.02143772
-0.0001666324
0.008625145
0.03173175
0.0002114624
0.04669685
0.02164607
0.05674453
0.04767608
0.1419164
-0.002702372
0.0475553
0.0496628
0.04491829
0.06302938
0.03259951
0.04730421
0.111475
0.02298679
0.01963333
0.02953681
0.03910348
0.05037998
0.03519136
-0.001861102
0.0136158
0.05510131
0.05374134
0.05113402
0.004891439
0.07109068
-0.0005244255
0.03341495
0.1630703
0.03748355
0.01117675
0.008001293
0.05095374
0.02544455
0.003850065
0.03494149
-0.002316105
0.1014297
0.2407421
0.3315189
0.01998278
0.00936944
