-0.001994138 0.0373082 0.08649296 0.0617105 0.01811152
0.03943551 0.02828036 0.03553373 0.02373142 0.04515851
0.007934348 0.03627401 0.01835673 0.008384145 0.04162695
0.02301745 0.07531542 0.04529132 0.02354922 0.0808764
0.01721368 0.02629599 0.1068506 0.003498951 0.0128593
0.0006689528 0.009836889 0.006096834 0.02003899 0.02072913
0.001295592 0.01243937 0.06587765 0.02927892 0.01522736
0.02317815 0.01852771 0.05820469 0.02505953 0.03856132
0.001092589 0.02838217 0.02212834 0.001017929 0.05912229
0.01000629 0.08563011 0.05576981 0.09274901 0.0120142
0.03532738 0.1080698 0.0233187 0.02329931 4.229884e-05
0.02254125 0.03050489 0.0003916844
