-0.003375711
0.002241846
-0.002438191
-0.001758513
-0.001157884
0.004778769
-0.003270687
-0.002016213
0.004158155
0.01778122
0.09569256
0.001731146
0.0322751
0.05533177
0.1010907
0.2066667
-0.001027332
0.03332841
0.03154681
0.01451524
0.01452162
0.06170909
0.02690273
0.02628001
0.01853514
0.04195425
0.07701209
0.008569497
0.07161862
0.04791971
0.01655243
-0.003428564
0.06595045
0.01203789
0.02545972
0.1379931
0.01841339
0.03434226
0.01328851
0.0395326
0.02346764
0.004893775
0.02232881
0.008547114
0.03087278
0.2314243
-0.001724082
0.006180479
0.004537509
0.003281147
0.03520072
-0.00344635
-0.002780292
0.005641285
0.09472919
0.01516781
0.03171896
0.04657062
0.0976325
0.006834553
0.2263957
0.01719348
0.02978663
0.02679338
0.009295111
0.1062032
0.009741245
0.02575371
0.01643082
0.04598955
0.02891016
0.08629141
0.00790966
0.01589949
0.1362389
0.04991362
0.02530224
-0.002830117
0.0308293
0.03931958
0.0007151601
0.1696836
0.03962604
0.01760712
-0.00149489
0.03443129
0.02710257
-0.002762097
0.02273255
-0.003416204
0.03819828
0.2447265
0.2962942
0.02116331
0.01090049
