-0.000607189 0.02323402 0.006272547 0.007484463 0.06660519
0.009196609 0.05964029 0.03061927 0.0355556 0.01109534
0.03808304 0.06308304 0.01154905 0.04978773 0.01029092
0.04197856 0.02504563 0.02168118 0.04535164 0.01539178
0.01809876 0.08692187 0.04092974 0.01734081 0.08422199
0.02052907 0.0274069 0.100975 0.02032351 0.02159489
0.01534799 0.0008119881 0.006985928 0.026422 0.005896322
0.01831575 0.03571939 0.001389446 0.01078652 0.005329832
0.05944743 0.02216165 0.03887567 0.02339427 0.02444576
0.01785513 0.02696311 0.06704772 0.01761003 0.03607081
0.008374816 0.03702509 0.02831552 0.01044306 0.06057629
0.01409593 0.02330905 0.07728464 0.06609538 0.01516787
0.09056866 0.02719295 0.03313363 0.09587608 0.03376012
0.02412032 0.02042614 0.002653519 0.0002491454 0.007670141
0.02178459 0.05239782 -0.0005993462
